Source,Sequence,Rfam structure,Rfam structure + RNAfold,Rfam structure + EternaFold
URS0000D66FEA_12908/1-139,UGUCCGCCAGAUGUUUCUGCCUUAAAGUAAGUGAAAGCAUACUGGCAAACCUACUUGAAAUGGGUGCAAAGAGAAAAUUAUGGUGGGCUUCGGACCACAAACGCCUUGAGAUGAUGAUAACAGAGCGUUAAUGGUAAUC,.....((((((((((((...............).)))))).)))))..(((((.......))))).................((((.(....).)))).(((((.(((............))).)))))..........,...(((((((((((((....((((...))))...)))))).)))))..(((((.......))))).................((((........)))).(((((.(((..((....))..))).)))))...)).....,.....((((((((((((.(.(((.....))))).)))))).)))))..(((((.......))))).................((((.(....).)))).(((((.(((..((....))..))).)))))..........
URS0000D6A4A0_12908/1-139,UGUCCGCCAGAUGUUUCUGCCUUAAAGUAAGUGAAAGCAUACUGGCAAACCUACUUGAAAUGGGUGCAAAAAGAAAAUUAUGGUGGGCUUCGGGCCACAAACGCCUUGAGAUGAUGAUAACAGAGCGUUAAUGGUAAUC,.....((((((((((((...............).)))))).)))))..(((((.......))))).................((((.(....).)))).(((((.(((............))).)))))..........,...(((((((((((((....((((...))))...)))))).)))))..(((((.......))))).................((((.(....).)))).(((((.(((..((....))..))).)))))...)).....,.....((((((((((((.(.(((.....))))).)))))).)))))..(((((.......))))).................((((.(....).)))).(((((.(((..((....))..))).)))))..........
URS0000D67AC3_12908/1-136,UUAGUGGCGUUUGUUUUCCGUCAAAAGUAAUAAAAGCAUGCCAACCUAUCUUGAAAAUGGGAAACUAAAAAGAUGAUUGCCUUUUGAACGAGGCAAGCCUCACUCACAGACAGAAUGAGUAGUGGUAUUGGUAAUC,.....((((..((((((..............).)))))))))..(((((.......)))))...............((((((........))))))...((((.(((...........)))))))...........,....(((((..(((((.................)))))))))).(((((.......)))))...............(((((((......)))))))(((((((.(((...........)))))))....)))....,.((((((((..((((((....(....)....).)))))))))).(((((.......)))))...))).......(.(((((((......))))))).)(((((..((...........)).))))....)......
URS0000D67A1F_12908/1-135,UUGUUGCGUAUUGUUUCUACUCUAAAAGUAAAGAAAGCAGAUACGUACUCUUGCCUGAAACGAGAUAAAAAGAAGAAUUUGAGCGUGUCUGCUCGCUGCUACACCUAGGGAGGAUAGCAGUCCAAAAUGGUAAUC,.....(((((((((((((.............)).)))))).)))))..(((((.......)))))...............(((((....))))).((((((..(((.....)))))))))...............,....(((((((((((((((((.....)))..)).)))))).)))))).(((((.......)))))...............((((......))))(((((((..(((.....))))))))))(((...))).....,..(.(((((((((((((((((.....)))..)).)))))).)))))))(((((.......)))))...............(((((....)))))(((((((...((.....)).)))))))..............
URS0000D65D77_12908/1-141,UUCGCAGUGAGCUGUUUCUACACCUACCUUUACUAGAAAACAGCUAACUACCCUUUCUGAUAAAAAGGAAACAAGAGAGUUUUUAGAACGGCACGUUCUACCGCUUUGUAAGAAAUGAUAAUACAAGCGUAAAUGGUAAUC,.....(((((.(((((((((.............))).)))))).)))))..(((((.......)))))...............((((((.....)))))).(((((.(((...........))))))))............,...(((((((((((((((((.............))).))))))))))))..(((((.......)))))((((......)))).(((((((...))))))).(((((.(((...........))))))))......))....,...(.(((.(((((((((((.............))).)))))))).))).)(((((.......)))))...............(((((((...))))))).(((((.(((...........))))))))............
URS0000D66B44_12908/1-142,UUCGCAGUGAGCUGUUUCUGCACCUACCUUUACUAGAAAACAGCUAACUACCCUUUCUGAUAAAAAGGAAACAAGAGAGUUGUUUAGAACUGCACGUUCUACCGCUUUGUAAGAAAUGAUAAUACAAGCGUAAAUGGUAAUC,.....(((((.(((((((((.............))).)))))).)))))..(((((.......)))))................((((((.....)))))).(((((.(((...........))))))))............,...(((((((((((((((((.............))).))))))))))))..(((((.......))))).(((((.....)))))((((((.....)))))).(((((.(((...........))))))))......))....,...(.(((.(((((((((((.............))).)))))))).))).)(((((.......)))))..(((.......))).((((((.....)))))).(((((.(((...........))))))))............
URS0000D67DDE_12908/1-144,UUCGCAGUGAGUUGUUUCUGCACCUACCUUUACUAGAAAACAGCUAACUACCCUUUCUGAUAAAAAGGAUACAAGAAAAUCAGUUAGAACUGCACGUUCUAAACGCUUUGUAAGUAGAUGAAGAUACAAGCGUAAAUGGUAAUC,.....(((((.(((((((((.............))).)))))).)))))..(((((.......)))))................((((((.....)))))).((((((.(((............)))))))))...........,.....(((((((((((((((.............))).))))))))))))..(((((.......)))))...............(((((((.....)))))))((((((.(((..(......)..)))))))))...........,...(.(((.(((((((((((.............))).)))))))).))).)(((((.......)))))...............(((((((.....)))))))((((((.(((............)))))))))...........
URS0000D6864C_12908/1-144,UUCGCAGUGAGCUGUUUCUGCACCUACCUUUACUAGAAAACAGCUAACUACCCUUUCUGAUAAAAAGGAUACAAGAAAAUUGGUUAGAACGACAUGUUCUAAACGCUUUGUAAGUAGAUGAGUAUACAAGCGUGGGUGGUAAUC,.....(((((.(((((((((.............))).)))))).)))))..(((((.......)))))................((((((.....)))))).((((((.(((............)))))))))...........,.(((((((((((((((((((.............))).))))))))))))..(((((.......)))))...(((.....))).(((((((.....)))))))((((((.(((............)))))))))..)))).....,...(.(((.(((((((((((.............))).)))))))).))).)(((((.......)))))...............(((((((.....)))))))((((((.(((.((......)).)))))))))...........
URS0000D6CFE7_12908/1-144,UUCGCAGUGAGUUGUUUCUGCACCUACCUUUACUAGAAAACAGCUAACUACCCUUUCUGAUAAAAAGGAUACAAGAAAAUUGGUUAGAACGACAUGUUCUAAACGCUUUGUAAGUAGAUGAGUAUACAAGCGUGGGUGGUAAUC,.....(((((.(((((((((.............))).)))))).)))))..(((((.......)))))................((((((.....)))))).((((((.(((............)))))))))...........,.(((((((((((((((((((.............))).))))))))))))..(((((.......)))))...(((.....))).(((((((.....)))))))((((((.(((............)))))))))..)))).....,...(.(((.(((((((((((.............))).)))))))).))).)(((((.......)))))...............(((((((.....)))))))((((((.(((.((......)).)))))))))...........
URS0000D657E7_12908/1-142,UUCGCAGUGAGUUGUUUCUGCACCUACCUUUACUAGAAAGCAGCUAACUACCCUUUCUGAUAAAAAGGAAACAAGAGAGUUUUUAGAACGACACGUUCUACCGCUUUGUAAGUAGAUAAGUAUACAAGCGUGGGUGGUAAUC,.....(((((.(((((((((.............))).)))))).)))))..(((((.......)))))...............((((((.....)))))).(((((.(((............))))))))............,.(((((((((((((((((((.............))).))))))))))))..(((((.......)))))((((......)))).(((((((...)))))))((((((.(((............)))))))).).)))).....,...(.(((.(((((((((((.............))).)))))))).))).)(((((.......)))))...............(((((((...))))))).(((((.(((.((......)).))))))))............
URS0000D6B586_12908/1-142,UUCGCAGUGAGUUGUUUCUGCACCUACCUUUCCUAGAAAACAGCUAACUACCCUUUCUGAUAAAAAGGAAACAAGAGAGUUUUUAGAACGGCACGUUCUACCGCUUUGUAAGUAGAUAAGUAUACAAGCGUGGGUGGUAAUC,.....(((((.(((((((((.............))).)))))).)))))..(((((.......)))))...............((((((.....)))))).(((((.(((............))))))))............,.(((((((((((((((((((.............))).))))))))))))..(((((.......)))))((((......)))).(((((((...)))))))((((((.(((............)))))))).).)))).....,...(.(((.(((((((((((.............))).)))))))).))).)(((((.......)))))...............(((((((...))))))).(((((.(((.((......)).))))))))............
